# GE runtime state
window 854 480
camera 154 765
chunk 0 0
player 581.589 1005.19 225 300 300 0.739856 1 0 5 0 4 0
enemytimers 2.13985 3 23.1399 23.1399
killcounts 0 1 0 0
enemies 6
enemy 3 469 833 90 150 0.503489
enemy 2 853.014 445.637 210 300 0
enemy 2 896.929 321.975 150 300 0
enemy 2 1212.92 278.977 300 300 0
enemy 1 684.909 940.468 10 100 0
enemy 0 656.814 786.581 200 200 0
projectiles 7
projectile 1 2087.28 209.816 0.933197 -0.359364 100 200
projectile 1 1176.67 289.191 0.792925 -0.60932 100 200
projectile 1 1348.54 -324.358 0.60506 -0.79618 100 200
projectile 1 1178.8 -101.003 0.605061 -0.796179 100 200
projectile 1 737.818 282.925 0.439068 -0.898454 100 200
projectile 1 656.637 559.733 0.566049 -0.824372 100 200
projectile 1 500.379 873.086 0.616397 0.787435 100 200
poweruptimer 3.13093
powerups 0
